25.00000000
40.12096774
55.24193548 
70.36290323
85.48387097
100.60483871
115.72580645
130.84677419
145.96774194
161.08870968
176.20967742
191.33064516
206.45161290
221.57258065
236.69354839
251.81451613
266.93548387
282.05645161
297.17741935
312.29838710
327.41935484
342.54032258
357.66129032
372.78225806
387.90322581
403.02419355
418.14516129
433.26612903
448.38709677
463.50806452
478.62903226
493.75000000
508.87096774
523.99193548
539.11290323
554.23387097
569.35483871
584.47580645
599.59677419
614.71774194
629.83870968
644.95967742
660.08064516
675.20161290
690.32258065
705.44354839
720.56451613
735.68548387
750.80645161
765.92741935
781.04838710
796.16935484
811.29032258
826.41129032
841.53225806
856.65322581
871.77419355
886.89516129
902.01612903
917.13709677
932.25806452
947.37903226
962.50000000
977.62096774
992.74193548
1007.86290323
1022.98387097
1038.10483871
1053.22580645
1068.34677419
1083.46774194
1098.58870968
1113.70967742
1128.83064516
1143.95161290
1159.07258065
1174.19354839
1189.31451613
1204.43548387
1219.55645161
1234.67741935
1249.79838710
1264.91935484
1280.04032258
1295.16129032
1310.28225806
1325.40322581
1340.52419355
1355.64516129
1370.76612903
1385.88709677
1401.00806452
1416.12903226
1431.25000000
1446.37096774
1461.49193548
1476.61290323
1491.73387097
1506.85483871
1521.97580645
1537.09677419
1552.21774194
1567.33870968
1582.45967742
1597.58064516
1612.70161290
1627.82258065
1642.94354839
1658.06451613
1673.18548387
1688.30645161
1703.42741935
1718.54838710
1733.66935484
1748.79032258
1763.91129032
1779.03225806
1794.15322581
1809.27419355
1824.39516129
1839.51612903
1854.63709677
1869.75806452
1884.87903226
1900.00000000
